-1 300 -1 800 900 -1 -1 -1 -1 -1 -1 -1 -1 -1 -1 600 200 300 700 -1 -1 -1 -1 -1 -1
250 -1 350 500 600 550 450 600 750 1000 1100 1050 1500 1400 -1 350 200 250 600 750 700 650 750 -1 1200
-1 400 -1 -1 -1 -1 -1 -1 -1 -1 -1 -1 700 600 -1 200 500 -1 600 -1 -1 -1 -1 -1 -1
800 650 -1 -1 120 180 350 550 -1 950 1025 895 1100 1075 -1 -1 -1 500 220 240 200 -1 805 909 505
700 500 -1 400 -1 300 400 550 450 675 750 750 -1 900 300 -1 -1 700 200 250 230 -1 840 450 600
-1 600 -1 300 340 -1 450 500 600 670 800 850 900 700 570 -1 -1 950 300 250 500 -1 1000 -1 550
-1 600 -1 375 400 360 -1 300 350 700 760 800 1075 1000 -1 -1 -1 350 240 250 300 600 670 700 470
-1 400 -1 340 700 700 250 -1 250 560 500 570 700 600 -1 -1 -1 -1 600 450 680 300 400 400 200
-1 600 -1 500 600 780 400 300 -1 -1 -1 -1 500 400 400 -1 -1 -1 500 430 700 300 200 250 540
-1 1200 -1 560 905 1000 -1 800 -1 -1 299 130 400 500 300 -1 -1 -1 560 600 700 -1 800 -1 900
-1 1300 -1 450 1099 1050 -1 -1 -1 450 -1 100 600 670 300 -1 -1 1300 600 -1 -1 -1 1030 -1 670
-1 950 -1 500 -1 1000 -1 -1 -1 299 199 -1 -1 400 350 -1 -1 -1 570 -1 -1 -1 900 -1 600
-1 300 -1 560 -1 -1 -1 900 -1 499 350 400 -1 100 300 -1 -1 -1 600 650 -1 -1 500 -1 600
-1 700 -1 750 -1 975 -1 -1 -1 450 599 450 120 -1 300 -1 -1 -1 560 700 -1 -1 500 -1 700
-1 590 -1 1000 -1 -1 -1 -1 -1 550 350 230 -1 -1 -1 -1 -1 -1 -1 -1 -1 -1 -1 -1 800
570 400 300 1700 -1 -1 -1 -1 -1 -1 -1 -1 -1 -1 -1 -1 500 450 700 -1 -1 -1 -1 -1 -1
200 300 450 -1 -1 -1 -1 -1 -1 -1 -1 -1 -1 -1 -1 600 -1 300 -1 -1 -1 -1 -1 -1 -1
550 350 500 -1 750 600 500 500 -1 950 -1 -1 -1 -1 -1 400 250 -1 500 700 650 -1 950 -1 1099
600 600 950 350 400 250 600 350 450 799 600 900 1199 1100 1050 899 -1 750 -1 350 299 850 900 -1 750
700 700 -1 350 650 340 -1 -1 -1 -1 800 950 1100 1099 1100 -1 -1 699 350 -1 350 -1 699 -1 650
-1 870 -1 560 599 500 -1 -1 -1 -1 950 699 900 1050 -1 -1 -1 750 300 200 -1 800 750 -1 699
-1 900 750 900 -1 -1 450 600 399 -1 -1 -1 -1 -1 -1 -1 -1 -1 600 -1 -1 -1 399 350 450
-1 650 -1 400 700 500 350 450 350 -1 -1 -1 700 750 -1 -1 -1 -1 600 -1 -1 450 -1 300 -1
-1 -1 -1 -1 -1 -1 -1 375 205 -1 -1 -1 -1 -1 -1 -1 -1 -1 -1 -1 -1 250 475 -1 450
-1 800 -1 600 650 700 350 290 310 850 900 765 975 1099 1199 -1 -1 700 650 -1 650 450 500 -1 -1